%YAML:1.0
---
K: !!opencv-matrix
   rows: 3
   cols: 3
   dt: d
   data: [ 1.5023540204125525e+03, 0., 9.6062940467428859e+02, 0.,
       1.5104529904534113e+03, 5.7615923977773048e+02, 0., 0., 1. ]
D: !!opencv-matrix
   rows: 1
   cols: 5
   dt: d
   data: [ 6.4520603663317397e-02, 1.5396120777939031e+00,
       6.4735652511072658e-03, -3.9846974746375190e-04,
       -8.9381338909684924e+00 ]
